1 0.394444 0.629167 0.131481 0.177778
1 0.653704 0.413889 0.124074 0.175000
1 0.658796 0.426389 0.130556 0.172222
1 0.749537 0.309722 0.121296 0.172222
2 0.348611 0.204861 0.145370 0.204167
2 0.300463 0.396528 0.145370 0.201389
2 0.859722 0.420139 0.136111 0.184722
2 0.312037 0.631250 0.120370 0.193056
3 0.530093 0.309722 0.167593 0.230556
4 0.389352 0.418750 0.167593 0.245833
4 0.587037 0.605556 0.179630 0.244444
4 0.727315 0.824306 0.175000 0.251389
4 0.821296 0.622222 0.177778 0.233333
4 0.459259 0.784028 0.187037 0.259722
