0 0.562963 0.375000 0.088889 0.122222
0 0.535185 0.515972 0.090741 0.115278
0 0.640278 0.496528 0.091667 0.126389
0 0.656481 0.802083 0.087037 0.126389
0 0.305093 0.663889 0.097222 0.127778
0 0.702778 0.404167 0.088889 0.122222
1 0.443981 0.747222 0.100926 0.136111
1 0.599537 0.317361 0.100926 0.126389
2 0.698611 0.259028 0.108333 0.140278
2 0.309259 0.334028 0.112963 0.145833
3 0.548611 0.685417 0.125000 0.176389
4 0.504167 0.190972 0.139815 0.198611
4 0.443519 0.356250 0.138889 0.184722
4 0.411574 0.553472 0.143519 0.193056
