0 0.407407 0.480556 0.075926 0.127778
0 0.642593 0.626389 0.096296 0.127778
1 0.414815 0.345833 0.094444 0.127778
1 0.565278 0.704167 0.097222 0.130556
1 0.566667 0.834722 0.098148 0.130556
2 0.334722 0.475000 0.095370 0.136111
2 0.035185 0.268750 0.068519 0.129167
3 0.046296 0.125000 0.090741 0.152778
3 0.511574 0.431944 0.125000 0.169444
3 0.142593 0.024306 0.098148 0.045833
4 0.562500 0.327083 0.145370 0.187500
4 0.700926 0.454167 0.146296 0.191667
4 0.772222 0.651389 0.150000 0.194444
4 0.475463 0.600000 0.132407 0.183333
